NOM ETAPE,ETAPE PREC.,NUM ETAPE,ALTITUDE,DIST. DEPUIS LE DÉPART (KM),DIST. DEPUIS PRECEDENT (KM),D+ DEPUIS LE DÉPART (M),D+ DEPUIS DOMAINE PRECEDENT (M),LATITUDE,LONGITUDE
ST PIERRE RAVINE BLANCHE,,0,3,0.0,0.0,0,0,-21.334486634175683,55.46257224095708
DOMAINE VIDOT,ST PIERRE RAVINE BLANCHE,1,650,14.6,14.6,663,663,-21.312117904695366,55.5485616153416
NOTRE DAME DE LA PAIX,DOMAINE VIDOT,2,1602,24.9,10.4,1687,1024,-21.248885092968194,55.5989935020165
PARKING AIRE NEZ DE BOEUF,NOTRE DAME DE LA PAIX,3,2018,38.8,13.9,2440,753,-21.204995900932236,55.61679541220081
MARE À BOUE,PARKING AIRE NEZ DE BOEUF,4,1601,49.2,10.4,2511,71,-21.160180006341562,55.570757297488704
CILAOS (STADE),MARE À BOUE,5,1207,66.1,16.9,3336,825,-21.13501902519813,55.47481625251336
SENTIER TAÏBIT (DÉBUT),CILAOS (STADE),6,1262,72.7,6.6,3833,497,-21.116965104203345,55.45064667616225
MARLA,SENTIER TAÏBIT (DÉBUT),7,1614,78.7,6.0,4665,832,-21.102651161664944,55.433699698316744
PLAINE DES MERLES,MARLA,8,1809,86.3,7.6,5161,496,-21.073755786845823,55.451307726678124
SENTIER SCOUT,PLAINE DES MERLES,9,1632,88.4,2.1,5174,13,-21.052765042179438,55.45441797694862
ILET À BOURSE,SENTIER SCOUT,10,888,96.4,8.0,5389,215,-21.04202884991624,55.427462873842174
GD PLACE LES BAS / ÉCOLE,ILET À BOURSE,11,665,99.7,3.3,5534,145,-21.038496593930127,55.40971669195356
PLATEAU DE CERF - ROCHE PLATE,GD PLACE LES BAS / ÉCOLE,12,1253,108.0,8.3,6653,1119,-21.073617934534838,55.40078280783869
ILET DES ORANGERS,PLATEAU DE CERF - ROCHE PLATE,13,983,113.5,5.4,6969,316,-21.042491837243197,55.39236130384289
DEUX BRAS,ILET DES ORANGERS,14,258,121.9,8.4,7258,289,-21.003386089319438,55.39419904599862
DOS D'ANE,DEUX BRAS,15,258,126.6,4.8,7963,705,-20.98057473820627,55.37216110851838
CHEMIN RATINAUD,DOS D'ANE,16,467,130.0,3.4,7968,5,-20.963347037690994,55.35869896813858
LA POSSESSION,CHEMIN RATINAUD,17,3,138.8,8.7,8151,183,-20.92652865916658,55.33758113789248
GRANDE CHALOUPE,LA POSSESSION,18,10,146.1,7.3,8518,367,-20.89554066710821,55.37737164215647
LE COLORADO,GRANDE CHALOUPE,19,871,155.5,9.5,9356,838,-20.906137318196727,55.42508680643403
ST DENIS LA REDOUTE,LE COLORADO,20,53,160.2,4.7,9377,21,-20.884480141429272,55.441974429782874
